9.980901157358455
39.03327573546087
63.737181290884386
47.645310876482675
36.54779395180916
3.379582723921169
19.162332068791322
16.468612420417113
8.397751057774155
59.77409791162552
97.04993135621751
27.321335327362892
20.704685771600314
5.922554071601768
92.0334181625568
12.258893600519492
92.34234606566478
63.03956993151177
18.770874373683586
62.94453453169054
22.118032633065948
39.85003021377814
54.00569305156338
59.19149201244349
45.07871588266982
31.605507330782032
79.80042397164168
79.85467499038815
37.27750773950582
3.686878572628661
60.82570890446162
8.352603378008299
10.221037929943593
19.01487736185643
115.1995267353234
14.880990136174399
7.2185888376010965
34.0397392769435
47.8171474237982
100.45937374146524
44.67428582116467
29.492639095775864
59.69873476465201
62.48023396645572
73.37235180276814
37.587484085518675
31.423076434281363
88.29188450278691
96.29865391232565
42.03976600233565
22.80753582720478
92.19197479896536
104.63605043168212
74.13169663212378
38.797428653868835
3.3353509447747136
43.96720586442956
59.542089345329224
112.31296686648656
24.075284628459052
84.96539672971011
102.493194970963
9.619381626211627
48.53855176040916
56.86515948118272
53.368645623179646
35.113004439641976
8.980380255979588
23.415483849629275
17.606947866250056
18.276895699745634
62.192624028695874
87.88488669813057
35.92890902884336
29.534121059219604
12.644822954306173
95.37933943009985
22.173438843109356
83.5199460392933
65.68479791565673
21.765900157974016
58.707154620668014
32.00729406697716
33.54188444044527
59.768972159945505
56.01599325317206
43.03701197146874
31.207660381950035
75.09062121993063
70.52156411850058
36.290164859087916
7.26342376032625
66.31392512474363
18.30969797054659
19.814173161144485
28.96698093830849
105.3193712089448
24.125429636583018
16.619779967069306
27.092821192351018
50.84280551309493
106.46962221337522
50.9226784486182
27.772994251288974
54.54671877388039
58.392625167015005
64.1521660967854
32.278372610203384
31.045940780210792
93.38956015899554
87.54097515569715
51.3546354938455
31.247880602248873
83.37378989455883
94.9693516235307
68.87074639496234
37.85457323621918
7.172484897441412
50.07259554814413
65.57790871845394
114.73456799455141
33.87849473616489
91.09937309652015
107.02413643179747
19.583508964956003
84.48574899506107
51.681203475563876
49.23999723533152
41.52635299035548
32.40707506922873
39.311462544099285
32.12963807823994
71.73053946125748
135.95804588541387
30.844730029430846
30.54769523748681
40.118294151213156
91.34460009319567
27.06464937449339
130.8643555629902
73.20709661773026
35.33292232269622
74.07914513569614
21.94288425122751
64.67299246549949
55.16073869879974
67.74227442869733
55.29644715954344
44.50367045743233
109.0873159743349
118.88331433015472
48.26175256950976
41.27560924145229
60.64001085900701
30.968936607737607
28.82927766270176
22.976419457391167
152.8764300676794
30.753754167999436
34.72388959481267
62.26448732101766
61.79095866270215
86.85745650045064
47.8331505615643
47.191670331680875
75.05646394469512
73.2152251135979
112.37396761797262
60.41493316011711
44.391542406149654
81.61344152401436
134.66051655758318
3.7277789810732322
32.08656360123318
130.70956454165167
143.46262929901278
105.60713230645266
48.78805482489476
41.38599744700891
48.11378926254342
57.35479837417008
109.21306499136648
22.083106871151138
74.6603293292762
94.34243642766906
29.816216737277124
110.17400562918313
35.31437947862926
64.81576109596476
55.0723448799588
50.81333244597
70.89850584781604
114.71595081273811
73.78318008500891
90.72577707379298
84.09496938995157
68.74453420978082
145.45805825732444
71.41057709259529
75.33371315134482
118.2746047964711
52.63472139542363
16.009365594084098
82.28435318440468
23.908544314790753
116.54743513690951
21.510963213392728
29.595788686837917
40.37675097339946
99.01665494303958
63.06678742041265
36.225993009468624
60.104668229566876
122.89344042775333
69.22560664288551
68.09752735739829
78.93541989266514
72.51683539524446
78.08339928931564
70.74135875486935
29.866198190504416
105.44250906297614
162.65242396972317
107.78386992073806
38.75941041467705
11.085467914534114
16.790294026021023
61.882491669910074
26.754193552336538
40.51303185950414
148.6036294768094
78.04273962729792
84.39133803723911
86.41628532575714
75.30354596592636
70.57155791063423
92.80723323008638
35.724300577811064
60.5595857863603
106.93771607073414
122.40672032552163
153.00082242363072
84.65691644241069
147.81077240484268
158.64356854957268
70.21872123002646
83.16019170939192
45.93038376966921
62.430711445421615
63.20098799106481
42.19885465613771
20.206276430057347
100.64731039675415
24.596462103985882
29.932717131913208
42.07887399298536
45.6145711769248
44.05216533751668
94.24571474844673
21.53148396374972
63.64512748566101
110.49686225279461
36.32752932526211
86.83098094604182
6.409479299237734
106.26359598009184
91.74605368020498
77.74750253413482
61.510684877716784
91.24386953889152
83.49386191053422
51.03747910932731
13.182321007629035
44.52028976593552
46.86306160739903
38.63419407875133
123.26098522580178
35.39980228413818
41.40451974295791
80.46009352285078
13.303516316666194
53.143270363539514
3.9380635757617055
76.62037949361122
107.31372650686039
109.98658208983237
85.74070853785074
85.06636309158893
77.56326952836605
40.6521889920934
96.20008579275519
54.94559621280909
27.210679958083148
94.11082470644885
112.14081887513632
60.735335026792654
84.87323459972552
50.51351938281644
4.0559532990177
12.2362395083448
66.20504856792282
34.391976262558316
37.73145007184232
54.93462737330708
43.960258302527876
39.12486569291886
21.31662190876175
20.18065086091236
40.9654708339928
96.25734963976271
100.66071310127832
59.69960220930983
53.555101165095465
42.46503797342028
128.42928066713625
39.5242162241977
99.47454275937831
99.567478601303
19.631179665976333
27.976190360317595
49.3123739508489
18.165338723173768
89.28605764345423
23.118346086491336
8.60545297437524
5.568009677811699
106.16343985862608
84.97606468833968
1.8115079185471725
33.799877064857164
96.19287923321228
38.649883579772
36.479756354200426
46.215457428168044
106.25317106140679
47.827027642129664
41.93481870139295
20.041527055618676
84.35498877446585
133.27446918143426
79.75640681825247
7.34674617025451
26.827356160602065
27.318014352941223
80.641697748632
13.78402016465353
5.742889347416046
123.31265842609872
103.22565594641463
49.39777209545648
56.21990924153889
99.37977649159805
101.48081211656807
99.32288841948476
3.050105061645851
34.38619041914893
79.23231806832923
94.31237171803546
148.85048654702373
51.66272861401308
118.48480315721497
137.74561321075458
39.267244515088535
22.4577751694333
19.275984093633102
9.808395084087712
57.13299810454034
94.45075154362995
27.031208905769684
20.577047436736674
3.929802612768739
89.70740397074658
14.482529354819347
89.58862469299224
60.46079291844178
21.92400468173125
64.95077241830052
23.343224410489317
41.06200333003899
52.32941507681915
61.4764218728806
47.57525466929661
34.3532377801261
76.42380568623003
77.3909001610314
39.952711546238184
5.341326383919209
59.06997622726646
10.558732747509541
12.962621187690743
20.480335052113308
113.2249727376232
15.157070950435573
7.780679988651746
34.96233537249551
45.27354134636759
98.99528849573132
43.155333004260115
31.94310468393386
61.40885995794026
64.52846836414827
70.85431429744033
39.13598529698069
34.173185972129176
86.474004864971
93.51061792253597
44.65545499439714
22.37715219689901
89.43678525948162
102.38925174098274
70.77402275028304
41.49146248818624
4.763536343074142
42.386578376483826
57.988287414051925
109.81535960388535
25.09394097202339
83.51315617060949
100.53107373770108
11.737055668111381
7.486929286039252
20.75175868834725
77.48634887759854
107.9897285165679
38.49284794614963
32.545290142807026
24.641475632798244
108.03439727573132
18.411052546913982
104.62456315154624
80.50536757455389
2.9366925733843763
49.29181025604976
28.014347221735637
32.890447546673556
68.37967266225203
44.22726436606272
29.65586859132049
15.74902222875618
98.2168892167627
90.60004304202286
21.31557177972978
18.095526479833318
75.2614376992232
18.222581143073278
15.592993956334713
24.89883952075539
120.662372089306
27.074445928329784
22.354241244144227
29.8872223534894
65.40235068120546
112.06724943630093
58.869696394507535
16.321290126110018
47.829487951438246
48.626261680090494
84.75885965144306
28.950583782118436
15.573732911037276
102.09921280054762
108.69148480634031
33.91794351939608
35.25225097636323
104.49094424408418
112.66811967778645
92.16788736415451
22.589285156208064
18.613855034058325
58.428148276920766
73.19760849881962
128.63314145578977
30.374432965765326
97.17037460680875
116.51084396550587
18.58273690623028
21.089762957320943
76.24009787879457
100.50421553892454
40.547236443631824
34.10449142162778
22.387670424406
108.25968166396085
20.658974397779456
97.18944757976277
79.49044616647097
4.825853531263288
47.38019442856954
31.47392488605927
27.51707305726268
69.42808661269535
43.12026742858985
28.76922919440792
15.137288541158519
92.64835401799235
83.1226647281146
20.827649109625312
14.09673417818054
76.32706012526943
18.97177411595177
17.374147531149344
28.122192806460355
113.60621348566498
28.17894898474433
21.82493847331303
23.53550439414113
64.26405610072014
114.89018979074955
59.92730330091378
13.421723758225212
44.9103795853654
46.83023686632322
77.3144481317057
24.088673404622465
14.954707243082801
103.69742154801389
101.25424086219746
41.07314278818554
36.67230007224687
97.05714567490882
105.29112579744827
86.33568255265656
22.337973677866703
14.683431541019457
59.339853343987336
74.67070768665232
128.67879917965254
33.84449272984116
99.57130568311558
118.08631485032416
19.78404997681983
56.76996028276607
103.85004410333009
19.830287734528756
13.219697122491459
8.005634147443608
87.59096530704332
5.321975687247089
98.76351883836126
59.75815794656594
21.56847643167631
68.46807843147472
13.73620592412436
47.022767927487095
48.37192618375558
64.06489620412692
49.55949609633357
35.58831956847976
82.35040974333657
86.96924597857289
41.34903070524197
11.88256408020082
55.27726738567992
2.596733778067735
5.758893060753352
10.718752915580438
123.02394648234383
7.205100538133532
2.708693940935058
41.613441227689
44.69078255764714
93.99276129243704
38.85649866969361
34.496072512394186
65.87468060184086
67.91141026638972
80.3913369072659
44.302294081687805
35.403476726139715
82.6102766109012
102.61012862461367
35.42225351500667
15.670980671936535
98.60950761725455
112.09722868409169
77.29544005200556
42.763581508597234
11.650890561687955
38.29376740991482
53.5809447566159
108.16852954175208
15.678354057191253
78.58646333205587
97.0095595515888
2.8833779104661543
83.15237741339699
42.83427038628088
46.72915192051125
53.85291878683515
33.27915376289227
60.01838801719761
76.95456952349642
3.5987206707511374
77.9785679122149
120.63807279941406
54.51712905186963
94.50053775767934
18.63341296900087
118.19818744018313
104.6848351854768
91.37702480688559
42.507236237528055
77.13781931355236
97.04682142502753
62.46275232171093
17.302410995469266
59.33806446951748
62.23063971643705
56.194231722477774
104.66327648698469
51.098684344483644
55.163501690657164
87.76363386064452
12.084056812966438
48.07329652105584
23.945649135480615
89.0548004892045
115.81007938132174
120.40687462243518
72.80282320424212
94.12898471526157
91.19420545251354
33.956200358150284
78.26349946064911
75.06895776669445
44.11329579285822
76.8366940730932
94.46217240935681
43.02274458127874
98.57072813451364
61.877814885608736
23.61872401728195
20.469042286189254
52.74364703383022
52.92001162301931
35.42315257028146
45.68843918705599
59.14755638235921
110.36813988593113
107.87455964313548
95.88625785934363
86.15991462370268
108.89511531839182
6.425843293503796
83.97272061351107
105.24328490131866
89.57270416593569
115.34635009103388
82.49910307054748
101.42383968143358
95.2898818490254
99.68733595166618
102.79588048217194
41.097017319249076
17.47484890809256
102.3611108692116
95.1029308470974
100.15157732409384
105.00064098964386
107.26905711141633
113.54203490918918
23.143665020439016
106.03751430866897
101.28958639407622
81.65091183959204
87.397466381933
102.77453906946532
103.1448641445571
98.40850977988416
84.77910761455921
90.4153063982934
23.7327374871918
86.88845278360215
102.8038106846216
97.40009420316186
5.357235051691942
139.0865163747206
107.26568301454407
6.5675318569351155
11.493554976412808
40.21571488591478
102.86055568322166
94.92449322638952
102.27192044007444
103.52392298515824
80.55358184021887
116.03084846438014
104.7203770269651
92.97373417138485
106.14381254886172
6.64616189881588
23.286024449725158
69.94152443840872
20.180967057470514
104.26169549305652
45.066594711846406
40.08245679478405
87.61099695837369
11.799477043377165
66.8380693544879
30.126886320761795
82.71717750319051
68.13785219776385
54.15982089656637
78.28388197442584
95.80774577259142
59.79971020866807
31.008212527452695
36.926767410025754
21.635016533177083
23.3077964388967
14.060135592480675
132.8761836419147
12.64406209142356
20.135796202546114
61.29041588146609
31.71279853889151
74.34369693297484
20.78734673842279
53.76131883571988
85.45592650586833
86.98815163330568
89.26173454731568
64.11854912466363
53.979801639530194
63.62279477927646
107.43724533103624
34.52998130836626
4.703248953216032
104.10613092536389
120.83652456084495
75.15291373550036
61.08157328166593
30.628944534610067
20.54384347788924
34.71813392276067
90.42046846997508
10.085758955425586
59.052198058864235
78.04991371662511
20.76438905367301
16.946088813146265
75.54267260678593
14.13688852822684
102.03250291441917
49.30285077099103
33.9294839749587
81.35321526115457
8.844862407091334
60.200681862897426
35.834829843850045
76.65157613365731
62.070376362738806
48.055252735262364
78.96034765468983
92.37231437251067
53.75514664715769
24.390484877884568
42.72123655012506
15.13613246474322
17.076245396221434
9.574294216204873
129.55870730777585
6.016413200134176
13.503132748697611
54.64635127940146
35.007321518748945
80.82814888344112
26.32624869480195
47.412349108818205
79.00006162530846
80.75752219622098
85.74684586641386
57.52199108764125
47.8729823552256
69.77917581172643
105.4764567795364
34.26764056874816
2.7251882356405424
101.87545357630032
117.72625341538601
75.11869263844402
55.087312742459915
24.02286802904825
25.9070770589349
40.757753073252644
96.12126684024102
8.495583949917206
65.46887528607255
84.21282246983066
14.35366156017061
86.15981442401505
13.252667341505147
90.76238809789028
57.117282675200975
24.50846937297425
68.67212222655307
20.63475230026387
44.978986955407606
48.470212750702395
65.04481202918487
50.98594201527177
37.52495487628989
75.39615744127154
79.09944994773612
43.200037425880744
8.985883307037946
55.235997922925904
9.65220172364778
12.649221764136072
18.072827752081178
115.4723640592789
11.869954322803249
5.403838130834995
38.89212634299144
41.89555720669722
95.10226545799235
39.2578801094866
35.384207436801006
65.2388889649475
68.23006616771842
72.50045673774719
42.99782477473492
37.34233535865167
82.66876677085395
94.60490598419773
43.42692802639988
18.603057648522302
90.60823356698319
104.33016742040678
70.03954781108398
44.719487612688354
8.446406521193982
38.500577347413056
54.10265327779682
106.4018972651285
22.17294315436362
79.61501397034499
96.78566305133224
10.578727498673361
89.66673581604292
81.91838769753575
29.735424177746186
109.14682978630594
153.9050775414382
81.36665211114106
127.64738359172325
39.81579277533495
151.1827027158579
137.02787510657808
123.15886997126904
50.206002713171074
89.87279273977443
128.923705854415
95.03955181204323
33.0435436004794
89.99813477089204
92.44992624119925
83.97675235194981
99.4276120719146
80.97033098876764
86.50482007849382
120.91941900304217
44.592984071144265
19.816995593480318
49.24678205938056
121.52096371137725
148.8123070253034
153.68590819502006
88.6812326869121
127.40790245299962
122.9737259461118
11.490992808727215
80.87408900433601
93.5324715333676
72.82270143830473
81.87742746407808
94.49195895231408
55.33585335949959
130.352751144885
94.46796241823107
49.635744201758826
35.574353070794984
20.601672292271783
79.22271262074811
19.19939059619145
13.281043928242891
89.50744056205139
103.91724239470578
62.82210271085456
19.901680969150704
67.43232558774028
11.104675350420134
47.81223358734196
49.96919872321299
62.576658907234716
47.9918983011402
33.99359760473586
87.44309376554122
91.87328021663126
39.66215125016379
15.137652771660289
56.8505272061619
3.9418471501238344
3.3197352189263247
7.713480515011244
127.45806350002046
8.931288465583021
8.030487094808901
42.96534236599499
48.0228570095537
94.35716211242315
40.46313685616579
33.650870957738476
65.42678889450465
66.80728061288855
85.33222561732997
44.656498591056135
33.81276309580424
83.7898212041993
107.79299640530837
30.26593207749494
16.849440870807026
103.76400732168634
116.82690385477049
82.50027866771819
40.974817101717605
15.085006372169863
40.0361899511685
54.82068165851392
110.25300406034884
13.406296453615854
79.17121042297993
98.22160444732448
2.751597747748146
77.89150317852884
101.9950795799813
91.31779815890154
109.74824133793337
81.46534266402941
95.12474051256316
96.66274710933787
99.47179684609674
101.02614136624594
35.230645175419234
14.558396349722694
101.23426188288596
90.64783205702521
94.04969337571059
100.0783813875741
102.51582409990272
108.12603116282064
29.537196601355923
100.50483584971376
96.14822967742492
79.88437065924778
80.98604376858232
99.44359768186858
96.72251045418751
96.46825812492278
86.10575791404771
92.11760220344263
19.880931290808277
85.72369571120204
101.01368581282225
92.92349805115096
4.06826953049304
134.17923337473223
101.30273728493954
0.15711218028626658
17.90444871940326
33.95052771359287
101.89810290134078
90.42475840332179
95.84752550838246
97.37869379099223
78.24877787204471
110.30063925778143
100.02100258702517
89.74018592327535
101.17634780089801
81.0940162124851
124.19670452548769
56.83146419255915
98.086295587481
18.864219998258225
121.6644328660951
108.03488491117865
94.61888406657071
42.99561921948348
78.9359142629661
100.31470898238635
65.79810329807545
16.181398652357625
62.30839775048329
65.13883552517977
58.67157634455177
104.90753004875212
53.8908752523115
58.24040124081221
91.34958860452218
15.226942100287115
44.54537885223914
25.413583483789818
92.40168599974875
119.40073864353076
123.95516064686882
74.88167015926683
97.6797692304494
94.435325410608
30.433984561564102
78.95717934481448
76.44007356296716
46.64535249232747
77.78030502889587
95.13520279612653
44.126184322757375
101.8283991297147
65.21529255752698
25.23238832898799
19.609114530970174
49.3650890792899
55.13177061653175
32.18264339189056
42.092073404794974
62.06570448386341
47.53650099496895
30.02557928147023
30.147413641219448
69.70712989710182
42.72338661168126
28.14645191136765
14.128532019973036
96.82969257972738
87.88990595797952
19.85328244488337
17.157927071730658
76.60950076800037
19.14995676201353
16.853400042818905
26.809074203830548
117.72576663721516
28.25304049667543
22.86458754155589
26.98582362941392
65.90974436257098
114.0676386667741
60.17780866263272
14.01180748556773
45.7539012745018
46.90666108437597
82.1168168769849
26.299029363377887
13.94574740724864
103.68275790640581
106.05839582739492
36.85411881463173
36.602641097903955
101.8634382270243
109.7725262694959
90.63640573075519
21.230030337387788
17.71411576726304
59.68308081440079
74.68384316777275
129.73367735986605
32.40249098027055
99.01079079225747
118.11676463069124
19.687741956179675
77.26672834735982
26.35019722186308
116.77989220657068
6.508238188130745
19.837217057684136
33.54295572388306
113.66301864072524
79.01899348045269
28.081775898279066
59.690954161027726
123.66364724833859
66.28887491101568
64.3213647292896
74.18995869683741
85.95705780611958
75.50933743994968
69.10506117726028
33.04955371978357
109.54554170673516
160.75735515402982
107.29880223248881
33.976390416714224
6.31336133092058
0.9128892458655687
77.55443559418478
26.523929892981673
33.71872097589686
151.07758003483946
93.95509288688454
73.20848967291803
83.9766999882815
91.29002041230797
85.55478056553349
107.1255601360474
26.97638120252355
60.24124049710572
106.68966467069149
122.0454094137565
168.5648944189145
79.60728581859158
146.4443703022152
165.42903706453413
67.00428528396019
58.83537788837819
41.646000925756006
71.9913110028699
57.51375622958151
43.74594312016918
87.80047159089139
99.1550554133814
49.20234508393522
25.490719577162288
48.33049211742539
14.212438812557126
14.396807065395516
3.394527508471725
135.97365585970488
9.346156171690957
15.5767949740763
54.06884801534391
43.131679767789706
84.07019105965631
32.4694715510265
44.02137935467054
75.77531505468525
76.58088154091577
92.51504066722327
55.558838190329446
43.57303482516375
74.37467447324268
113.34790830018927
25.634506043194246
10.912989000002637
109.59132730561186
124.54808612313963
83.88415491608941
50.37932439987157
25.312609304906893
32.286567761879304
45.87381758565341
101.6845647701751
2.3809914381802226
69.17892622250687
88.70145242992717
12.982133386635065
93.24001653061265
25.704884650272145
19.080620354307086
21.051546039602567
92.63235183699524
67.04434347939099
19.863791397427136
36.236628462022736
99.84373978305399
45.42372713286617
44.49294785963598
55.45106218070119
89.32963002628239
54.19402758979962
46.8329682277531
6.73693104572079
83.84133263897701
139.97388273750505
84.19697449501372
17.56185699614319
21.334423813388632
26.26256521471565
63.064231480461466
4.4883222160676635
21.109975760142127
126.87290162237548
85.15540684627781
65.52339231626488
62.50852072353192
81.37592222139527
83.6108880532132
85.7195619919241
20.438850553693097
36.704676514816015
83.4029723877114
98.98646801066987
144.55130673935457
61.18224334478059
124.53400634601866
140.11050306171413
46.456874185152245
112.40430538258636
97.84754872129666
83.83177094494114
61.102279238783126
93.6751639232653
89.55782819311237
57.41949712473566
6.907463695518434
50.640174345337044
52.872676483937624
44.17231940965614
123.27273153187052
41.462098061965065
47.67593268871116
86.86159386410431
15.971877749377878
46.73404857972828
9.53030777988213
82.84925551950909
113.69390699015234
116.25087885686455
88.57934637494553
91.46420580615192
83.64832640563893
34.32569694606024
96.66898603082247
58.19413923927514
33.13303648559513
94.99961896636962
112.83589799834898
61.2093126412995
90.90884294737853
56.898928358636724
10.090587697712651
5.93256321242331
60.330767718030934
39.576427611553974
31.330769674751053
48.663831336818355
50.02642644399133
14.584852466337189
28.59632341132114
116.50098947079206
83.84335389039427
22.91827281151734
56.146361788046995
119.31120695748083
61.76619062631458
59.576411506461696
69.0238653846539
92.43410023624469
70.94494912264597
64.94409151037519
32.06118947725398
106.63442242796667
154.57787708988354
102.87474413294703
29.75122993068617
10.558179832757057
5.600915596731645
81.85310046015424
24.73439907700904
28.778618121148
146.31980925066782
99.48871776492719
66.78652164597929
79.32570187953493
96.62496610033762
91.75554717818152
109.75087132497079
21.649724605498832
56.71687887367987
102.34700897951728
117.39629144191926
170.23918387817892
74.29664297652829
140.9470674522586
160.69276331145167
62.38375985945323
14.018009960104582
111.11119890365826
85.33562653488048
8.340299446297486
42.23692408727093
104.75208140572732
47.22731514662771
44.99709126555709
54.49788915447495
101.97434774723479
56.385859553480024
50.53981805931806
23.45989501631389
92.84470258968689
141.05707142477877
88.3172995450687
15.633269655901742
19.76849365091263
19.10851601892244
81.80576727096742
15.776572215278321
14.200999553026968
131.75466175497215
102.93875349698398
54.93079276144177
64.74829093542186
99.397132946051
98.79845331908398
104.18972995673029
7.14520414355298
42.819594845111155
87.80683467728697
102.81149413991723
157.38468864692018
59.83871297186879
126.64761869217189
146.1642335307827
47.82112675356295
104.29514893056263
86.46781523753793
5.764850653668816
29.08853036404609
90.73546000079848
33.22827417994756
30.980395877224293
40.64775710689223
110.22866155625701
42.37175908767365
36.67190123847745
21.174528291562122
79.39194778247784
127.73476368323291
74.30176951425908
4.745028024708084
32.289440993446526
32.88088783950451
81.67427935200347
16.57270168487921
0.185193760846033
117.78129597976138
104.90989404368113
44.93951575131099
50.730915465076535
100.9199313304393
104.61349886438457
97.58545980277405
7.225728738563064
29.678046244502948
73.79792428824102
88.80414348048826
143.6907654805738
46.09769729775977
112.91685781383626
132.2096859865178
33.80623633641671
39.920704679089134
107.84383307399656
80.19122192373213
59.16365305996143
84.64232700974969
87.84026818379131
87.80731034658683
62.17053213217952
80.33838837367055
79.74927536237938
87.6536961852094
48.97896500353434
69.73883616703989
64.66633290164535
99.82370676353693
107.38529062663528
114.15883151425095
38.503175586665755
95.38743908997961
104.17649403450523
59.97910133299116
35.991784837267936
112.79401737421415
77.14186700175566
35.13354169383448
52.14572897865309
6.924085859900911
109.2121966881018
79.70245508926875
63.99630680538634
62.60346928781436
54.93529468735532
87.21660737824007
66.30112201713534
61.1540769230197
85.23240545413802
86.7456117152489
77.76447988541868
94.35233746102512
87.94614372944767
90.06939286447641
97.03929704348153
37.20014289838849
89.81256785578235
84.48969424683607
65.32836845477904
78.12952583831473
108.91462735116991
92.8949484630355
81.91491975910759
73.38545009109487
79.75190163227974
6.642559956987853
71.2544066454632
86.45558267465188
99.89938114320037
18.480215729587876
121.85119157071695
92.16699250529929
14.453030660104469
25.411387816462813
35.97549772105198
87.44906538218076
77.60852180722121
91.88554017088097
97.24046391563081
89.98489135581552
100.12291447887023
106.10313361402727
99.67280499724829
89.12594241828161
34.65306709213863
96.45831137262849
38.97944795413897
36.68920243264337
46.16759521122529
107.56920707969861
48.10624321315379
42.433963717102955
21.85253520924095
85.08939206818762
132.96540573723613
80.02936765211574
8.566967957585618
27.35279076717117
27.38214976543994
82.438607920466
15.519255701036261
5.950004784263225
123.41447656799785
104.97245241249456
48.291523610402855
56.439867744934475
101.14045004347173
103.01883597089987
101.0164751131725
1.565817201502365
35.241693437162056
79.536099754185
94.48271454506016
149.4504216241139
51.53514856504894
118.3670061669099
137.82498317610515
39.5407284136512
64.20460881532179
11.403113246734854
12.60068673424315
22.294771358524706
112.49010041605202
18.548704293082366
10.8972301515013
30.37038765725303
50.61427963904645
103.97807517600874
48.14940375501798
26.604039836529434
56.27643938481678
59.25451951423554
71.3722460095055
34.08046222072058
28.909870706654498
91.64824641644016
94.65206112895655
44.099405827976106
26.489472311342915
90.5003084556355
102.22485961928345
74.27310286141207
36.197172064237186
0.5895251626294374
47.41691815519026
63.0115331953797
115.15543045355088
27.523673734904328
88.48328499284035
105.77054335013635
12.679290838511236
57.54760978729847
59.77046732311129
50.94065854050152
120.8704607179947
48.36772061908141
54.559482313745015
93.38846868796345
19.334463029637575
40.16065841138692
16.43648240873438
89.74871992329378
120.47444712311382
123.14246517238833
89.80066963585223
98.19781775628284
90.552117590045
27.469889436864467
95.13669162297059
63.47131414409753
40.02482048664164
93.93678995407039
111.30885622891246
60.20410646252883
97.80433345852424
63.67693359314863
16.987544307765898
3.580281238257751
53.495378598911316
46.208649787526795
24.917873475483013
41.773405169367074
56.931344154275045
3.2394331684766513
10.936036239813147
123.54285655096375
9.22075540905524
4.914547249984051
40.23880882862279
47.26215781073216
95.95619183658428
41.11263907094365
32.3176992722404
63.864664220227056
65.71324687258819
81.41293947543774
42.53195049518402
33.043917920960524
84.80379922809954
103.9744238522886
34.12515011453404
17.70434874195777
99.92572065679529
112.88505821183459
79.47879940252926
40.37481588729794
11.29749932110795
40.58254091428257
55.76287675110406
110.58966542058091
16.360991925671136
80.6048695365197
99.22326008274254
1.2787392325239744
11.002298594630231
125.08873289118354
11.481955613780299
8.149527026842167
39.675914480994926
50.17420833728717
97.58124000436197
43.34728710732139
30.458936146269448
62.203338981135836
63.71151526752544
83.59294675354411
41.343366623344465
30.797935522477893
86.84412747936348
106.45338413900787
31.81920165462165
19.751654555849477
102.36468236848856
114.75915085081861
82.62479793481904
38.03662620285793
12.64265441907636
42.87616959984992
57.83262493796024
113.05116769841321
16.713613965646537
82.34989643421153
101.2789268773937
3.0880033368021804
133.5420933332783
7.8007835246173505
12.812147470901117
50.67531291164389
44.554845641717336
87.25904698963376
34.84496407810192
40.776356030681626
72.5590878519187
73.52011403865481
90.41507074338293
52.19889218517314
40.47256998846073
77.3045083127552
111.82644108388706
26.561251224177283
12.09546797454442
107.96978805866347
122.3533499386965
83.55929117163718
47.38139255591496
22.14568963697967
34.57847365772611
48.613762012492884
104.40652676497936
5.732609867084134
72.2736088156379
91.67707814763361
9.683838493668478
126.70238748618405
120.75010240396563
91.0163364591304
110.15685005828243
111.130499694577
126.00025907950021
106.86649094160005
83.15526277254942
86.86993836571953
43.81577480497538
93.7486116222182
110.30791557840918
110.82790682008066
27.148204034633473
154.55648843785448
129.35558407660838
29.68415150112167
12.073951001834947
62.52609412486687
107.43699754098806
112.47042718709889
125.1740258225309
124.41076603253465
87.1436006291327
137.1379763044368
118.56717118041459
101.84744376218228
124.79672631413179
7.669298402364364
48.688558335102755
39.1251129194195
86.80840000206433
31.931793412902987
41.53831232857351
73.03886574706875
74.93195241628551
83.17181820090907
51.50666597503292
42.18811061960994
75.58597708837813
104.15633701063486
34.35545305759259
8.496661668845118
100.34816834264548
115.2111444786947
75.91017385062221
49.475807768896125
18.215706055038623
31.430126978119446
46.54512229002202
101.5719542197624
10.490105115724312
71.42237086852813
90.00857079698885
8.565787466252923
41.16513590073263
43.08226520798718
93.75545544536432
38.217703749157174
35.22908830062033
66.2253755281807
68.58472286847113
77.89550604552754
44.354352757545456
36.48672102903698
81.99510211540164
99.97877078709027
38.0535404234328
15.686845946803487
95.99384516523034
109.69086028214095
74.6401800814939
43.888431216985985
10.550717931544487
37.58693222797843
53.04477014967864
107.01928171534465
17.315217797312282
78.28803939940609
96.33254183957722
5.523821781136443
77.14027848330699
133.5490986742153
77.9498946788591
16.772668892146157
28.065045954721207
32.93557381628109
60.71764525343338
7.796432038090362
21.173330446041557
120.25738484696411
83.74744482545506
63.55631406044132
56.83702719319388
79.78062077344836
84.10446111362552
80.73131649936096
22.842268160630923
30.798720328495406
77.12346320024474
92.66147897085804
138.17861664513035
56.365175666527456
118.19147174878668
133.38361464449997
41.348871035293996
57.21853590218093
15.861384844090006
77.21523525603476
105.14551986084012
109.23528214959806
72.80864338684891
83.05963293165425
79.20839627568321
43.335228743940014
83.03272604736723
65.31830508481018
32.46595879450106
80.84966837474953
98.88911712445123
47.684320408873866
86.60189038337677
50.03377138998548
15.095865674763868
20.877085537414853
64.5425303699405
41.7214562785171
42.95424486243958
56.3119656502172
47.08859050021885
55.844559758486774
127.99443806515488
159.78368790850345
159.93887193219228
108.2327549013969
138.04683402294793
127.56697722256189
14.117770774317336
97.74088625824841
87.93302739123443
78.32223809094859
99.42759009303015
109.24280122531611
75.08985979942193
133.96715816321628
103.47863130998958
56.60955086656956
41.010066455720285
23.986906667726
81.70189108136655
15.495166328939314
9.815018133311607
95.10805698529354
73.34559480614617
104.36370276323102
106.75724199940223
87.16754205583642
82.22977223000869
74.11829155673345
43.78462248908919
98.86112657250672
51.13359574309013
23.617584498194613
96.58349050472157
114.62217751155934
63.54557991712997
81.38388606914204
47.64314501140748
1.0965234942958058
14.867806503605895
69.8041729181238
30.503329049283046
40.358076730808854
58.159046646402665
40.49617386177322
31.79723034467813
33.41535795078525
77.02886589870616
13.228126987189226
4.684623614862404
117.10489301448705
100.38027851997731
47.96463819427606
50.01621603974695
96.35938847545751
100.67687179790153
93.07041818471157
10.119983097675716
27.18646208934374
72.76141667098989
88.06905230114138
141.75776526298802
46.40046248354353
112.80883197335125
131.50398876207774
33.05902607119541
6.774511438235307
71.62828676601274
22.32720701821765
32.45025070048055
147.86014904854954
88.93743634526032
74.59805210092594
81.53372016031034
86.06843735881347
81.62948058765433
100.82558822951866
26.542992499503455
56.8004897698137
103.66588037816523
119.22837456268712
162.31869899953065
78.14963419509782
144.46036334420808
161.44325365410688
64.69435707317317
78.2199190695274
26.278011104876487
33.05778464225585
150.51651224868507
94.77747535031851
72.32698599569076
83.38984389422878
92.0886340719955
86.44823540643529
107.58899213622185
26.252786850765407
59.80816333149412
106.16044541456228
121.47600014832616
169.0931637142753
78.91663074489757
145.74794678377154
164.91467948064934
66.41440415386774
67.09884538089806
81.64721236603191
98.00995479808142
23.94187709152039
115.40547228757634
85.5715933578863
19.750938356708495
32.05380040029161
33.578816324443984
83.2643054708507
71.19809624903648
86.13485416639479
92.50331730514333
91.16301960401032
93.48072401106656
103.65744340329526
99.45028601756013
82.58236648671557
16.634114684048626
125.53543834501157
89.45339539117916
61.17498222294644
59.929785272040654
85.63107382801675
88.09898216470623
88.46343415301257
16.20058120902343
34.587757041210935
81.491587114559
97.0900761932031
145.54919822991192
57.9263693650415
122.55249414423531
139.3025075617706
43.4975267292143
117.60093248748387
104.90142922804088
44.84138853468922
50.54826699203044
100.90709606918509
104.65872460548339
97.47120466976337
7.41052312716126
29.499391450193844
73.6140302551318
88.6224289905205
143.5056027562506
45.92540397187486
112.74258887588658
132.02971219076744
33.62263606969617
92.08163942976826
83.48197658155554
67.13576458269199
92.87379856675393
105.95309237122872
64.4320811068302
124.67008628179315
91.11470525358762
44.41000196716842
29.040968190310327
27.928860187407878
72.09130554645064
7.739984973430961
14.434833309803539
84.11147428876475
138.0313182250854
104.64152595778258
4.204681308507593
16.199551953900002
35.52184983683471
105.59393707626188
94.4219687870139
98.02782994924885
98.54822574762537
75.89305734178578
113.81399645717073
99.37836098110853
87.96260789652315
105.05813765838433
35.814252969214714
134.02565293264928
145.99126213111995
109.3348750552939
48.6878983001162
44.245500770725144
51.45514102914903
60.11975029936353
110.78364519040018
25.808392186708055
76.34254177415697
95.79252083520802
33.010468430054225
101.14606755535343
117.4054296766006
73.52264159411583
57.779702662198645
26.089665103503513
23.18818300552032
38.102163041828334
93.40446383610306
10.074892809750741
62.926949650435354
81.56620179587347
16.97594971294493
18.041952776750676
33.82983898892929
101.80750246485616
90.27672683517025
95.70766634681027
97.26328960140384
78.26378268094057
110.14353117897807
99.96326851107118
89.72826377821512
101.02326506206647
51.63771946470403
103.20482172294459
102.13746642048805
113.74097681952237
114.73552601811937
85.7923488906272
125.5341484515984
113.54729819714754
99.49283659147676
114.1027544303857
102.3693433022469
73.80668635208953
62.766506239129214
63.47689802290042
61.5209902335857
83.5368221151133
70.2469680960675
66.90087584184705
80.15997230265353
36.78603290535924
80.9040742306257
95.78519554608181
150.9063133224351
52.70035720000063
119.5025302431308
139.05838829091095
40.91311616766599
46.90493962241087
62.50233989515085
114.57401934067256
27.317952763739747
87.98467421291446
105.22438410031268
12.5761044217225
15.602290286503198
70.21681802700247
30.370539778415882
41.13520096955694
58.75430468227865
39.99539215383187
55.81398426892661
43.688681538912284
25.54790183229917
43.46580613675446
55.0754978036049
99.47983898126698
34.563133652722414
15.067377430618725
110.10802221692634
66.83710250057364
86.39722105163398
15.157615697988792
19.959535200307126
79.79488294179878
98.54093797446379
